0 1
3 9
71 9
136 9
139 9
204 9
207 9
275 9
343 9
408 9
411 9
476 9
479 9
547 9
615 9
680 9
683 9
748 9
751 9
819 9
887 9
952 9
955 9
1020 9
1023 9
1025 6
1026 3
4097 3
5123 3
5191 9
5256 9
5259 9
5324 9
5327 9
5395 9
5463 9
5528 9
5531 9
5596 9
5599 9
5667 9
5735 9
5800 9
5803 9
5868 9
5871 9
5939 9
6007 9
6072 9
6075 9
6140 9
6143 9
10243 9
10311 9
10376 9
10379 9
10444 9
10447 9
10515 9
10583 9
10648 9
10651 9
10716 9
10719 9
10787 9
10855 9
10920 9
10923 9
10988 9
10991 9
11059 9
11127 9
11192 9
11195 9
11260 9
11263 9
15363 9
15431 9
15496 9
15499 9
15564 9
15567 9
15635 9
15703 9
15768 9
15771 9
15836 9
15839 9
15907 9
15975 9
16040 9
16043 9
16108 9
16111 9
16179 9
16247 9
16312 9
16315 9
16380 9
16383 9
16402 4
17413 6
17474 3
20486 6
20545 3
21511 6
21571 3
32776 6
32896 3
33801 6
33922 3
36874 6
36993 3
37899 6
38019 3
49164 6
49344 3
50189 6
50370 3
53262 6
53441 3
54287 6
54467 3
66818 3
70675 6
70915 3
82965 6
83266 3
86038 2
87063 6
87363 3
98328 6
98688 3
99353 6
99714 3
102426 6
102785 3
103451 6
103811 3
114716 6
115136 3
115741 6
116162 3
118814 6
119233 3
119839 6
120259 3
132129 6
135681 3
136227 6
136707 3
139272 4
148517 6
152129 3
152615 6
153155 3
155674 4
163880 6
164480 3
164905 6
165506 3
167978 6
168577 3
169003 6
169603 3
180268 6
180928 3
181293 6
181954 3
184366 6
185025 3
185391 6
186051 3
197681 6
201473 3
201779 6
202499 3
208908 4
214069 6
217921 3
218167 6
218947 3
225310 4
229432 6
230272 3
230457 6
231298 3
233530 6
234369 3
234555 6
235395 3
245820 6
246720 3
246845 6
247746 3
249918 6
250817 3
250943 6
251843 3
266245 3
267271 3
278803 1
278871 9
278936 9
278939 9
279004 9
279007 9
279075 9
279143 9
279208 9
279211 9
279276 9
279279 9
279347 9
279415 9
279480 9
279483 9
279548 9
279551 9
282693 3
283719 3
283784 9
283787 9
283852 9
283855 9
283991 9
284056 9
284059 9
284124 9
284127 9
284195 9
284263 9
284328 9
284331 9
284396 9
284399 9
284467 9
284535 9
284600 9
284603 9
284668 9
284671 9
288839 9
288904 9
288907 9
288972 9
288975 9
289111 9
289176 9
289179 9
289244 9
289247 9
289315 9
289383 9
289448 9
289451 9
289516 9
289519 9
289587 9
289655 9
289720 9
289723 9
289788 9
289791 9
293959 9
294024 9
294027 9
294092 9
294095 9
294231 9
294296 9
294299 9
294364 9
294367 9
294435 9
294503 9
294568 9
294571 9
294636 9
294639 9
294707 9
294775 9
294840 9
294843 9
294908 9
294911 9
294984 6
295044 3
296009 6
296070 3
299082 6
299141 3
300107 6
300167 3
311372 6
311492 3
312397 6
312518 3
315470 6
315589 3
316495 6
316615 3
332037 3
332883 6
333063 3
348439 4
348485 3
349271 6
349511 3
360536 6
360836 3
361561 6
361862 3
364634 6
364933 3
365659 6
365959 3
376924 6
377284 3
377949 6
378310 3
381022 6
381381 3
382047 6
382407 3
394337 6
397829 3
398435 6
398855 3
401673 4
410725 6
414277 3
414823 6
415303 3
418075 4
426088 6
426628 3
427113 6
427654 3
430186 6
430725 3
431211 6
431751 3
442476 6
443076 3
443501 6
444102 3
446574 6
447173 3
447599 6
448199 3
459889 6
463621 3
463987 6
464647 3
471309 4
476277 6
480069 3
480375 6
481095 3
487711 4
491640 6
492420 3
492665 6
493446 3
495738 6
496517 3
496763 6
497543 3
508028 6
508868 3
509053 6
509894 3
512126 6
512965 3
513151 6
513991 3
524296 3
525322 3
528393 3
529419 3
540744 3
541770 3
544841 3
545867 3
557192 3
557195 9
557260 9
557263 9
557399 9
557464 9
557467 9
557532 9
557535 9
557603 9
557671 9
557736 9
557739 9
557804 9
557807 9
557875 9
557943 9
558008 9
558011 9
558076 9
558079 9
558217 6
558218 3
561289 3
562315 3
562380 9
562383 9
562519 9
562584 9
562587 9
562652 9
562655 9
562723 9
562791 9
562856 9
562859 9
562924 9
562927 9
562995 9
563063 9
563128 9
563131 9
563196 9
563199 9
567367 9
567432 9
567435 9
567500 9
567503 9
567639 9
567704 9
567707 9
567772 9
567775 9
567843 9
567911 9
567976 9
567979 9
568044 9
568047 9
568115 9
568183 9
568248 9
568251 9
568316 9
568319 9
572487 9
572552 9
572555 9
572620 9
572623 9
572759 9
572824 9
572827 9
572892 9
572895 9
572963 9
573031 9
573096 9
573099 9
573164 9
573167 9
573235 9
573303 9
573368 9
573371 9
573436 9
573439 9
573580 6
573640 3
574605 6
574666 3
577678 6
577737 3
578703 6
578763 3
590088 3
591114 3
594185 3
595211 3
606356 6
606536 3
607381 6
607562 3
610454 6
610633 3
611479 6
611659 3
622744 6
622984 3
623769 6
624010 3
626842 6
627081 3
627867 6
628107 3
639132 6
639432 3
640157 6
640458 3
643230 6
643529 3
644255 6
644555 3
655520 6
655880 3
656545 6
656906 3
659618 6
659977 3
660643 6
661003 3
671908 6
672328 3
672933 6
673354 3
676006 6
676425 3
677031 6
677451 3
688296 6
688776 3
689321 6
689802 3
692394 6
692873 3
693419 6
693899 3
704684 6
705224 3
705709 6
706250 3
708782 6
709321 3
709807 6
710347 3
721072 6
721672 3
722097 6
722698 3
725170 6
725769 3
726195 6
726795 3
737460 6
738120 3
738485 6
739146 3
741558 6
742217 3
742583 6
743243 3
753848 6
754568 3
754873 6
755594 3
757946 6
758665 3
758971 6
759691 3
770236 6
771016 3
771261 6
772042 3
774334 6
775113 3
775359 6
776139 3
786444 3
787470 3
790541 3
791567 3
802892 3
803918 3
806989 3
808015 3
819340 3
820366 3
823437 3
824463 3
835788 3
835791 9
835927 9
835992 9
835995 9
836060 9
836063 9
836131 9
836199 9
836264 9
836267 9
836332 9
836335 9
836403 9
836471 9
836536 9
836539 9
836604 9
836607 9
836813 6
836814 3
839885 3
840911 3
841047 9
841112 9
841115 9
841180 9
841183 9
841251 9
841319 9
841384 9
841387 9
841452 9
841455 9
841523 9
841591 9
841656 9
841659 9
841724 9
841727 9
845895 9
845960 9
845963 9
846028 9
846031 9
846167 9
846232 9
846235 9
846300 9
846303 9
846371 9
846439 9
846504 9
846507 9
846572 9
846575 9
846643 9
846711 9
846776 9
846779 9
846844 9
846847 9
851015 9
851080 9
851083 9
851148 9
851151 9
851287 9
851352 9
851355 9
851420 9
851423 9
851491 9
851559 9
851624 9
851627 9
851692 9
851695 9
851763 9
851831 9
851896 9
851899 9
851964 9
851967 9
852236 3
853262 3
856333 3
857359 3
868564 6
868684 3
869589 6
869710 3
872662 6
872781 3
873687 6
873807 3
884952 6
885132 3
885977 6
886158 3
889050 6
889229 3
890075 6
890255 3
901340 6
901580 3
902365 6
902606 3
905438 6
905677 3
906463 6
906703 3
917728 6
918028 3
918753 6
919054 3
921826 6
922125 3
922851 6
923151 3
934116 6
934476 3
935141 6
935502 3
938214 6
938573 3
939239 6
939599 3
950504 6
950924 3
951529 6
951950 3
954602 6
955021 3
955627 6
956047 3
966892 6
967372 3
967917 6
968398 3
970990 6
971469 3
972015 6
972495 3
983280 6
983820 3
984305 6
984846 3
987378 6
987917 3
988403 6
988943 3
999668 6
1000268 3
1000693 6
1001294 3
1003766 6
1004365 3
1004791 6
1005391 3
1016056 6
1016716 3
1017081 6
1017742 3
1020154 6
1020813 3
1021179 6
1021839 3
1032444 6
1033164 3
1033469 6
1034190 3
1036542 6
1037261 3
1037567 6
1038287 3
1119300 1
1184273 3
1185059 6
1185299 3
1188936 4
1200721 3
1201447 6
1201747 3
1205338 4
1212712 6
1213072 3
1213737 6
1214098 3
1216810 6
1217169 3
1217835 6
1218195 3
1229100 6
1229520 3
1230125 6
1230546 3
1233198 6
1233617 3
1234223 6
1234643 3
1250065 3
1250611 6
1251091 3
1258572 4
1266513 3
1266999 6
1267539 3
1274974 4
1278264 6
1278864 3
1279289 6
1279890 3
1282362 6
1282961 3
1283387 6
1283987 3
1294652 6
1295312 3
1295677 6
1296338 3
1298750 6
1299409 3
1299775 6
1300435 3
1315863 3
1332311 3
1344662 3
1348759 3
1361110 3
1365207 3
1398103 1
1398168 9
1398171 9
1398236 9
1398239 9
1398440 9
1398443 9
1398508 9
1398511 9
1398712 9
1398715 9
1398780 9
1398783 9
1403016 9
1403019 9
1403084 9
1403087 9
1403288 9
1403291 9
1403356 9
1403359 9
1403560 9
1403563 9
1403628 9
1403631 9
1403832 9
1403835 9
1403900 9
1403903 9
1408136 9
1408139 9
1408204 9
1408207 9
1408408 9
1408411 9
1408476 9
1408479 9
1408680 9
1408683 9
1408748 9
1408751 9
1408952 9
1408955 9
1409020 9
1409023 9
1410393 6
1410454 3
1414491 6
1414551 3
1426781 6
1426902 3
1430879 6
1430999 3
1451337 4
1467739 4
1474920 6
1475220 3
1475945 6
1476246 3
1479018 6
1479317 3
1480043 6
1480343 3
1491308 6
1491668 3
1492333 6
1492694 3
1495406 6
1495765 3
1496431 6
1496791 3
1520973 4
1537375 4
1540472 6
1541012 3
1541497 6
1542038 3
1544570 6
1545109 3
1545595 6
1546135 3
1556860 6
1557460 3
1557885 6
1558486 3
1560958 6
1561557 3
1561983 6
1562583 3
1572888 3
1573914 3
1576985 3
1578011 3
1589336 3
1590362 3
1593433 3
1594459 3
1605784 3
1606810 3
1609881 3
1610907 3
1622232 3
1623258 3
1626329 3
1627355 3
1638680 3
1639706 3
1642777 3
1643803 3
1655128 3
1656154 3
1659225 3
1660251 3
1671576 3
1671579 9
1671644 9
1671647 9
1671848 9
1671851 9
1671916 9
1671919 9
1672120 9
1672123 9
1672188 9
1672191 9
1672601 6
1672602 3
1675673 3
1676699 3
1676764 9
1676767 9
1676968 9
1676971 9
1677036 9
1677039 9
1677240 9
1677243 9
1677308 9
1677311 9
1681544 9
1681547 9
1681612 9
1681615 9
1681816 9
1681819 9
1681884 9
1681887 9
1682088 9
1682091 9
1682156 9
1682159 9
1682360 9
1682363 9
1682428 9
1682431 9
1686664 9
1686667 9
1686732 9
1686735 9
1686936 9
1686939 9
1687004 9
1687007 9
1687208 9
1687211 9
1687276 9
1687279 9
1687480 9
1687483 9
1687548 9
1687551 9
1687964 6
1688024 3
1688989 6
1689050 3
1692062 6
1692121 3
1693087 6
1693147 3
1704352 6
1704472 3
1705377 6
1705498 3
1708450 6
1708569 3
1709475 6
1709595 3
1720740 6
1720920 3
1721765 6
1721946 3
1724838 6
1725017 3
1725863 6
1726043 3
1737128 6
1737368 3
1738153 6
1738394 3
1741226 6
1741465 3
1742251 6
1742491 3
1753516 6
1753816 3
1754541 6
1754842 3
1757614 6
1757913 3
1758639 6
1758939 3
1769904 6
1770264 3
1770929 6
1771290 3
1774002 6
1774361 3
1775027 6
1775387 3
1786292 6
1786712 3
1787317 6
1787738 3
1790390 6
1790809 3
1791415 6
1791835 3
1802680 6
1803160 3
1803705 6
1804186 3
1806778 6
1807257 3
1807803 6
1808283 3
1819068 6
1819608 3
1820093 6
1820634 3
1823166 6
1823705 3
1824191 6
1824731 3
1835036 3
1836062 3
1839133 3
1840159 3
1851484 3
1852510 3
1855581 3
1856607 3
1867932 3
1868958 3
1872029 3
1873055 3
1884380 3
1885406 3
1888477 3
1889503 3
1900828 3
1901854 3
1904925 3
1905951 3
1917276 3
1918302 3
1921373 3
1922399 3
1933724 3
1934750 3
1937821 3
1938847 3
1950172 3
1950175 9
1950376 9
1950379 9
1950444 9
1950447 9
1950648 9
1950651 9
1950716 9
1950719 9
1951197 6
1951198 3
1954269 3
1955295 3
1955496 9
1955499 9
1955564 9
1955567 9
1955768 9
1955771 9
1955836 9
1955839 9
1960072 9
1960075 9
1960140 9
1960143 9
1960344 9
1960347 9
1960412 9
1960415 9
1960616 9
1960619 9
1960684 9
1960687 9
1960888 9
1960891 9
1960956 9
1960959 9
1965192 9
1965195 9
1965260 9
1965263 9
1965464 9
1965467 9
1965532 9
1965535 9
1965736 9
1965739 9
1965804 9
1965807 9
1966008 9
1966011 9
1966076 9
1966079 9
1966560 6
1966620 3
1967585 6
1967646 3
1970658 6
1970717 3
1971683 6
1971743 3
1982948 6
1983068 3
1983973 6
1984094 3
1987046 6
1987165 3
1988071 6
1988191 3
1999336 6
1999516 3
2000361 6
2000542 3
2003434 6
2003613 3
2004459 6
2004639 3
2015724 6
2015964 3
2016749 6
2016990 3
2019822 6
2020061 3
2020847 6
2021087 3
2032112 6
2032412 3
2033137 6
2033438 3
2036210 6
2036509 3
2037235 6
2037535 3
2048500 6
2048860 3
2049525 6
2049886 3
2052598 6
2052957 3
2053623 6
2053983 3
2064888 6
2065308 3
2065913 6
2066334 3
2068986 6
2069405 3
2070011 6
2070431 3
2081276 6
2081756 3
2082301 6
2082782 3
2085374 6
2085853 3
2086399 6
2086879 3
2130080 3
2131106 3
2134177 3
2135203 3
2146528 3
2147554 3
2150625 3
2151651 3
2195872 3
2196898 3
2199969 3
2200995 3
2212320 3
2213346 3
2216417 3
2217443 3
2238600 1
2238603 9
2238668 9
2238671 9
2238875 9
2238940 9
2238943 9
2239144 9
2239147 9
2239212 9
2239215 9
2239416 9
2239419 9
2239484 9
2239487 9
2243723 9
2243788 9
2243791 9
2243995 9
2244060 9
2244063 9
2244264 9
2244267 9
2244332 9
2244335 9
2244536 9
2244539 9
2244604 9
2244607 9
2255002 4
2261544 6
2261664 3
2262569 6
2262690 3
2265642 6
2265761 3
2266667 6
2266787 3
2277932 6
2278112 3
2278957 6
2279138 3
2282030 6
2282209 3
2283055 6
2283235 3
2308236 4
2324638 4
2327096 6
2327456 3
2328121 6
2328482 3
2331194 6
2331553 3
2332219 6
2332579 3
2343484 6
2343904 3
2344509 6
2344930 3
2347582 6
2348001 3
2348607 6
2349027 3
2392228 3
2393254 3
2396325 3
2397351 3
2408676 3
2409702 3
2412773 3
2413799 3
2458020 3
2459046 3
2462117 3
2463143 3
2474468 3
2475494 3
2478565 3
2479591 3
2517403 1
2517468 9
2517471 9
2517672 9
2517675 9
2517740 9
2517743 9
2517944 9
2517947 9
2518012 9
2518015 9
2522316 9
2522319 9
2522588 9
2522591 9
2522792 9
2522795 9
2522860 9
2522863 9
2523064 9
2523067 9
2523132 9
2523135 9
2523752 6
2523812 3
2524777 6
2524838 3
2527850 6
2527909 3
2528875 6
2528935 3
2540140 6
2540260 3
2541165 6
2541286 3
2544238 6
2544357 3
2545263 6
2545383 3
2570637 4
2587039 4
2589304 6
2589604 3
2590329 6
2590630 3
2593402 6
2593701 3
2594427 6
2594727 3
2605692 6
2606052 3
2606717 6
2607078 3
2609790 6
2610149 3
2610815 6
2611175 3
2621480 3
2622506 3
2625577 3
2626603 3
2637928 3
2638954 3
2642025 3
2643051 3
2654376 3
2655402 3
2658473 3
2659499 3
2670824 3
2671850 3
2674921 3
2675947 3
2687272 3
2688298 3
2691369 3
2692395 3
2703720 3
2704746 3
2707817 3
2708843 3
2720168 3
2721194 3
2724265 3
2725291 3
2736616 3
2737642 3
2740713 3
2741739 3
2753064 3
2754090 3
2757161 3
2758187 3
2769512 3
2770538 3
2773609 3
2774635 3
2785960 3
2785963 9
2786028 9
2786031 9
2786232 9
2786235 9
2786300 9
2786303 9
2786985 6
2786986 3
2790057 3
2791083 3
2791148 9
2791151 9
2791352 9
2791355 9
2791420 9
2791423 9
2795724 9
2795727 9
2795996 9
2795999 9
2796200 9
2796203 9
2796268 9
2796271 9
2796472 9
2796475 9
2796540 9
2796543 9
2800844 9
2800847 9
2801116 9
2801119 9
2801320 9
2801323 9
2801388 9
2801391 9
2801592 9
2801595 9
2801660 9
2801663 9
2802348 6
2802408 3
2803373 6
2803434 3
2806446 6
2806505 3
2807471 6
2807531 3
2818736 6
2818856 3
2819761 6
2819882 3
2822834 6
2822953 3
2823859 6
2823979 3
2835124 6
2835304 3
2836149 6
2836330 3
2839222 6
2839401 3
2840247 6
2840427 3
2851512 6
2851752 3
2852537 6
2852778 3
2855610 6
2855849 3
2856635 6
2856875 3
2867900 6
2868200 3
2868925 6
2869226 3
2871998 6
2872297 3
2873023 6
2873323 3
2883628 3
2884654 3
2887725 3
2888751 3
2900076 3
2901102 3
2904173 3
2905199 3
2916524 3
2917550 3
2920621 3
2921647 3
2932972 3
2933998 3
2937069 3
2938095 3
2949420 3
2950446 3
2953517 3
2954543 3
2965868 3
2966894 3
2969965 3
2970991 3
2982316 3
2983342 3
2986413 3
2987439 3
2998764 3
2999790 3
3002861 3
3003887 3
3015212 3
3016238 3
3019309 3
3020335 3
3031660 3
3032686 3
3035757 3
3036783 3
3048108 3
3049134 3
3052205 3
3053231 3
3064556 3
3064559 9
3064760 9
3064763 9
3064828 9
3064831 9
3065581 6
3065582 3
3068653 3
3069679 3
3069880 9
3069883 9
3069948 9
3069951 9
3074252 9
3074255 9
3074524 9
3074527 9
3074728 9
3074731 9
3074796 9
3074799 9
3075000 9
3075003 9
3075068 9
3075071 9
3079372 9
3079375 9
3079644 9
3079647 9
3079848 9
3079851 9
3079916 9
3079919 9
3080120 9
3080123 9
3080188 9
3080191 9
3080944 6
3081004 3
3081969 6
3082030 3
3085042 6
3085101 3
3086067 6
3086127 3
3097332 6
3097452 3
3098357 6
3098478 3
3101430 6
3101549 3
3102455 6
3102575 3
3113720 6
3113900 3
3114745 6
3114926 3
3117818 6
3117997 3
3118843 6
3119023 3
3130108 6
3130348 3
3131133 6
3131374 3
3134206 6
3134445 3
3135231 6
3135471 3
3178672 3
3179698 3
3182769 3
3183795 3
3195120 3
3196146 3
3199217 3
3200243 3
3244464 3
3245490 3
3248561 3
3249587 3
3260912 3
3261938 3
3265009 3
3266035 3
3310256 3
3311282 3
3314353 3
3315379 3
3326704 3
3327730 3
3330801 3
3331827 3
3357900 1
3357903 9
3358175 9
3358376 9
3358379 9
3358444 9
3358447 9
3358648 9
3358651 9
3358716 9
3358719 9
3374302 4
3375928 6
3376048 3
3376953 6
3377074 3
3380026 6
3380145 3
3381051 6
3381171 3
3392316 6
3392496 3
3393341 6
3393522 3
3396414 6
3396593 3
3397439 6
3397619 3
3440820 3
3441846 3
3444917 3
3445943 3
3457268 3
3458294 3
3461365 3
3462391 3
3506612 3
3507638 3
3510709 3
3511735 3
3523060 3
3524086 3
3527157 3
3528183 3
3572404 3
3573430 3
3576501 3
3577527 3
3588852 3
3589878 3
3592949 3
3593975 3
3636703 1
3636904 9
3636907 9
3636972 9
3636975 9
3637176 9
3637179 9
3637244 9
3637247 9
3638136 6
3638196 3
3639161 6
3639222 3
3642234 6
3642293 3
3643259 6
3643319 3
3654524 6
3654644 3
3655549 6
3655670 3
3658622 6
3658741 3
3659647 6
3659767 3
3670072 3
3671098 3
3674169 3
3675195 3
3686520 3
3687546 3
3690617 3
3691643 3
3702968 3
3703994 3
3707065 3
3708091 3
3719416 3
3720442 3
3723513 3
3724539 3
3735864 3
3736890 3
3739961 3
3740987 3
3752312 3
3753338 3
3756409 3
3757435 3
3768760 3
3769786 3
3772857 3
3773883 3
3785208 3
3786234 3
3789305 3
3790331 3
3801656 3
3802682 3
3805753 3
3806779 3
3818104 3
3819130 3
3822201 3
3823227 3
3834552 3
3835578 3
3838649 3
3839675 3
3851000 3
3852026 3
3855097 3
3856123 3
3867448 3
3868474 3
3871545 3
3872571 3
3883896 3
3884922 3
3887993 3
3889019 3
3900344 3
3900347 9
3900412 9
3900415 9
3901369 6
3901370 3
3904441 3
3905467 3
3905532 9
3905535 9
3910312 9
3910315 9
3910380 9
3910383 9
3910584 9
3910587 9
3910652 9
3910655 9
3915432 9
3915435 9
3915500 9
3915503 9
3915704 9
3915707 9
3915772 9
3915775 9
3916732 6
3916792 3
3917757 6
3917818 3
3920830 6
3920889 3
3921855 6
3921915 3
3932220 3
3933246 3
3936317 3
3937343 3
3948668 3
3949694 3
3952765 3
3953791 3
3965116 3
3966142 3
3969213 3
3970239 3
3981564 3
3982590 3
3985661 3
3986687 3
3998012 3
3999038 3
4002109 3
4003135 3
4014460 3
4015486 3
4018557 3
4019583 3
4030908 3
4031934 3
4035005 3
4036031 3
4047356 3
4048382 3
4051453 3
4052479 3
4063804 3
4064830 3
4067901 3
4068927 3
4080252 3
4081278 3
4084349 3
4085375 3
4096700 3
4097726 3
4100797 3
4101823 3
4113148 3
4114174 3
4117245 3
4118271 3
4129596 3
4130622 3
4133693 3
4134719 3
4146044 3
4147070 3
4150141 3
4151167 3
4162492 3
4163518 3
4166589 3
4167615 3
4178940 3
4178943 9
4179965 6
4179966 3
4183037 3
4184063 3
4188840 9
4188843 9
4188908 9
4188911 9
4189112 9
4189115 9
4189180 9
4189183 9
4193960 9
4193963 9
4194028 9
4194031 9
4194232 9
4194235 9
4194300 9
4194303 9
4360232 6
4361257 6
4364330 6
4365355 6
4366976 3
4368002 3
4371073 3
4372099 3
4376620 6
4377645 6
4380718 6
4381743 6
4383424 3
4384450 3
4387521 3
4388547 3
4425784 6
4426809 6
4429882 6
4430907 6
4432768 3
4433794 3
4436865 3
4437891 3
4442172 6
4443197 6
4446270 6
4447295 6
4449216 3
4450242 3
4453313 3
4454339 3
4622440 6
4623465 6
4626538 6
4627563 6
4629124 3
4630150 3
4633221 3
4634247 3
4638828 6
4639853 6
4642926 6
4643951 6
4645572 3
4646598 3
4649669 3
4650695 3
4687992 6
4689017 6
4692090 6
4693115 6
4694916 3
4695942 3
4699013 3
4700039 3
4704380 6
4705405 6
4708478 6
4709503 6
4711364 3
4712390 3
4715461 3
4716487 3
4858376 3
4859402 3
4862473 3
4863499 3
4868260 6
4869285 6
4872358 6
4873383 6
4874778 4
4874824 3
4875850 3
4878921 3
4879947 3
4884648 6
4885673 6
4888746 6
4889771 6
4891272 3
4892298 3
4895369 3
4896395 3
4901036 6
4902061 6
4905134 6
4906159 6
4907720 3
4908746 3
4911817 3
4912843 3
4924168 3
4925194 3
4928012 4
4928265 3
4929291 3
4933812 6
4934837 6
4937910 6
4938935 6
4940616 3
4941642 3
4944414 4
4944713 3
4945739 3
4950200 6
4951225 6
4954298 6
4955323 6
4957064 3
4958090 3
4961161 3
4962187 3
4966588 6
4967613 6
4970686 6
4971711 6
4973512 3
4974538 3
4977609 3
4978635 3
5120524 3
5121550 3
5124621 3
5125647 3
5130468 6
5131493 6
5134566 6
5135591 6
5136972 3
5137179 4
5137998 3
5141069 3
5142095 3
5146856 6
5147881 6
5150954 6
5151979 6
5153420 3
5154446 3
5157517 3
5158543 3
5163244 6
5164269 6
5167342 6
5168367 6
5169868 3
5170894 3
5173965 3
5174991 3
5186316 3
5187342 3
5190413 3
5191439 3
5196020 6
5197045 6
5200118 6
5201143 6
5202764 3
5203790 3
5206815 4
5206861 3
5207887 3
5212408 6
5213433 6
5216506 6
5217531 6
5219212 3
5220238 3
5223309 3
5224335 3
5228796 6
5229821 6
5232894 6
5233919 6
5235660 3
5236686 3
5239757 3
5240783 3
5413162 6
5414187 6
5415568 3
5416594 3
5419665 3
5420691 3
5429550 6
5430575 6
5432016 3
5433042 3
5436113 3
5437139 3
5478714 6
5479739 6
5481360 3
5482386 3
5485457 3
5486483 3
5495102 6
5496127 6
5497808 3
5498834 3
5501905 3
5502931 3
5675370 6
5676395 6
5677716 3
5678742 3
5681813 3
5682839 3
5691758 6
5692783 6
5694164 3
5695190 3
5698261 3
5699287 3
5740922 6
5741947 6
5743508 3
5744534 3
5747605 3
5748631 3
5757310 6
5758335 6
5759956 3
5760982 3
5764053 3
5765079 3
5906968 3
5907994 3
5911065 3
5912091 3
5923416 3
5924442 3
5927513 3
5928539 3
5933480 6
5934505 6
5937578 6
5938603 6
5939864 3
5940890 3
5943961 3
5944987 3
5949868 6
5950893 6
5953966 6
5954991 6
5956312 3
5957338 3
5960409 3
5961435 3
5972760 3
5973786 3
5976857 3
5977883 3
5989208 3
5990234 3
5993305 3
5994078 4
5994331 3
5999032 6
6000057 6
6003130 6
6004155 6
6005656 3
6006682 3
6009753 3
6010779 3
6015420 6
6016445 6
6019518 6
6020543 6
6022104 3
6023130 3
6026201 3
6027227 3
6169116 3
6170142 3
6173213 3
6174239 3
6185564 3
6186590 3
6189661 3
6190687 3
6195688 6
6196713 6
6199786 6
6200811 6
6202012 3
6203038 3
6206109 3
6207135 3
6212076 6
6213101 6
6216174 6
6217199 6
6218460 3
6219486 3
6222557 3
6223583 3
6234908 3
6235934 3
6239005 3
6240031 3
6251356 3
6252382 3
6255453 3
6256479 3
6261240 6
6262265 6
6265338 6
6266363 6
6267804 3
6268830 3
6271901 3
6272927 3
6277628 6
6278653 6
6281726 6
6282751 6
6284252 3
6285278 3
6288349 3
6289375 3
6464160 3
6465186 3
6468257 3
6469283 3
6480608 3
6481634 3
6484705 3
6485731 3
6529952 3
6530978 3
6534049 3
6535075 3
6546400 3
6547426 3
6550497 3
6551523 3
6726308 3
6727334 3
6730405 3
6731431 3
6742756 3
6743782 3
6746853 3
6747879 3
6792100 3
6793126 3
6796197 3
6797223 3
6808548 3
6809574 3
6812645 3
6813671 3
6818432 2
6819457 6
6822530 6
6823555 6
6834834 4
6835845 6
6838918 6
6839943 6
6851208 6
6852233 6
6855306 6
6856331 6
6867596 6
6868621 6
6871694 6
6872719 6
6885009 6
6889107 6
6901397 6
6904470 2
6905495 6
6916760 6
6917785 6
6920858 6
6921883 6
6933148 6
6934173 6
6937246 6
6938271 6
6950561 6
6954659 6
6955560 3
6956586 3
6957704 4
6959657 3
6960683 3
6966949 6
6971047 6
6972008 3
6973034 3
6974106 4
6976105 3
6977131 3
6982312 6
6983337 6
6986410 6
6987435 6
6988456 3
6989482 3
6992553 3
6993579 3
6998700 6
6999725 6
7002798 6
7003823 6
7004904 3
7005930 3
7009001 3
7010027 3
7016113 6
7020211 6
7021352 3
7022378 3
7025449 3
7026475 3
7027340 4
7032501 6
7036599 6
7037800 3
7038826 3
7041897 3
7042923 3
7043742 4
7047864 6
7048889 6
7051962 6
7052987 6
7054248 3
7055274 3
7058345 3
7059371 3
7064252 6
7065277 6
7068350 6
7069375 6
7070696 3
7071722 3
7074793 3
7075819 3
7080833 4
7081665 6
7085763 6
7086124 3
7087150 3
7090221 3
7091247 3
7097235 4
7098053 6
7102151 6
7102572 3
7103598 3
7106669 3
7107695 3
7113416 6
7114441 6
7117514 6
7118539 6
7119020 3
7120046 3
7123117 3
7124143 3
7129804 6
7130829 6
7133902 6
7134927 6
7135468 3
7136494 3
7139565 3
7140591 3
7147217 6
7150469 4
7151315 6
7151916 3
7152942 3
7156013 3
7157039 3
7163605 6
7166871 4
7167703 6
7168364 3
7169390 3
7172461 3
7173487 3
7178968 6
7179993 6
7183066 6
7184091 6
7184812 3
7185838 3
7188909 3
7189935 3
7195356 6
7196381 6
7199454 6
7200479 6
7201260 3
7202286 3
7205357 3
7206383 3
7212769 6
7216867 6
7217708 3
7218734 3
7220105 4
7221805 3
7222831 3
7229157 6
7233255 6
7234156 3
7235182 3
7236507 4
7238253 3
7239279 3
7244520 6
7245545 6
7248618 6
7249643 6
7250604 3
7251630 3
7254701 3
7255727 3
7260908 6
7261933 6
7265006 6
7266031 6
7267052 3
7268078 3
7271149 3
7272175 3
7278321 6
7282419 6
7283500 3
7284526 3
7287597 3
7288623 3
7289741 4
7294709 6
7298807 6
7299948 3
7300974 3
7304045 3
7305071 3
7306143 4
7310072 6
7311097 6
7314170 6
7315195 6
7316396 3
7317422 3
7320493 3
7321519 3
7326460 6
7327485 6
7330558 6
7331583 6
7332844 3
7333870 3
7336941 3
7337967 3
7516849 3
7517875 3
7533297 3
7534323 3
7582641 3
7583667 3
7599089 3
7600115 3
7778997 3
7780023 3
7795445 3
7796471 3
7844789 3
7845815 3
7861237 3
7862263 3
7999393 6
8003491 6
8004152 3
8005178 3
8007368 4
8008249 3
8009275 3
8015781 6
8019879 6
8020600 3
8021626 3
8023770 4
8024697 3
8025723 3
8031144 6
8032169 6
8035242 6
8036267 6
8037048 3
8038074 3
8041145 3
8042171 3
8047532 6
8048557 6
8051630 6
8052655 6
8053496 3
8054522 3
8057593 3
8058619 3
8064945 6
8069043 6
8069944 3
8070970 3
8074041 3
8075067 3
8077004 4
8081333 6
8085431 6
8086392 3
8087418 3
8090489 3
8091515 3
8093406 4
8096696 6
8097721 6
8100794 6
8101819 6
8102840 3
8103866 3
8106937 3
8107963 3
8113084 6
8114109 6
8117182 6
8118207 6
8119288 3
8120314 3
8123385 3
8124411 3
8130497 2
8134595 6
8146899 4
8150983 6
8163273 6
8167371 6
8179661 6
8183759 6
8216535 2
8228825 6
8232923 6
8245213 6
8249311 6
8266300 3
8267326 3
8269769 4
8270397 3
8271423 3
8282748 3
8283774 3
8286171 4
8286845 3
8287871 3
8293352 6
8294377 6
8297450 6
8298475 6
8299196 3
8300222 3
8303293 3
8304319 3
8309740 6
8310765 6
8313838 6
8314863 6
8315644 3
8316670 3
8319741 3
8320767 3
8332092 3
8333118 3
8336189 3
8337215 3
8339405 4
8348540 3
8349566 3
8352637 3
8353663 3
8355807 4
8358904 6
8359929 6
8363002 6
8364027 6
8364988 3
8366014 3
8369085 3
8370111 3
8375292 6
8376317 6
8379390 6
8380415 6
8381436 3
8382462 3
8385533 3
8386559 3
9050633 3
9051659 3
9067081 3
9068107 3
9079432 3
9080458 3
9083529 3
9084555 3
9095880 3
9096906 3
9099977 3
9101003 3
9116425 3
9117451 3
9132873 3
9133899 3
9145224 3
9146250 3
9149321 3
9150347 3
9161672 3
9162698 3
9165769 3
9166795 3
9312781 3
9313807 3
9329229 3
9330255 3
9341580 3
9342606 3
9345677 3
9346703 3
9358028 3
9359054 3
9362125 3
9363151 3
9378573 3
9379599 3
9395021 3
9396047 3
9407372 3
9408398 3
9411469 3
9412495 3
9423820 3
9424846 3
9427917 3
9428943 3
10128024 3
10129050 3
10132121 3
10133147 3
10144472 3
10145498 3
10148569 3
10149595 3
10193816 3
10194842 3
10197913 3
10198939 3
10210264 3
10211290 3
10214361 3
10215387 3
10390172 3
10391198 3
10394269 3
10395295 3
10406620 3
10407646 3
10410717 3
10411743 3
10455964 3
10456990 3
10460061 3
10461087 3
10472412 3
10473438 3
10476509 3
10477535 3
11176616 3
11177642 3
11180713 3
11181739 3
11193064 3
11194090 3
11197161 3
11198187 3
11242408 3
11243434 3
11246505 3
11247531 3
11258856 3
11259882 3
11262953 3
11263979 3
11438764 3
11439790 3
11442861 3
11443887 3
11455212 3
11456238 3
11459309 3
11460335 3
11504556 3
11505582 3
11508653 3
11509679 3
11521004 3
11522030 3
11525101 3
11526127 3
12225208 3
12226234 3
12229305 3
12230331 3
12241656 3
12242682 3
12245753 3
12246779 3
12291000 3
12292026 3
12295097 3
12296123 3
12307448 3
12308474 3
12311545 3
12312571 3
12487356 3
12488382 3
12491453 3
12492479 3
12503804 3
12504830 3
12507901 3
12508927 3
12553148 3
12554174 3
12557245 3
12558271 3
12569596 3
12570622 3
12573693 3
12574719 3
13140512 1
13419315 1
14259812 1
14538615 1
15379112 1
15379115 9
15379183 9
15379387 9
15379455 9
15380137 6
15380138 3
15383209 3
15384235 3
15384303 9
15384507 9
15384575 9
15395514 4
15396525 6
15396586 3
15399598 6
15399657 3
15400623 6
15400683 3
15445930 3
15449787 6
15450027 3
15462077 6
15462378 3
15465150 2
15466175 6
15466475 3
15645357 3
15646383 3
15657915 1
15657983 9
15661805 3
15662831 3
15663103 9
15711149 3
15711995 6
15712175 3
15727551 4
15727597 3
15728383 6
15728623 3
16498412 1
16694975 3
16711423 3
16777215 1
