label	sites
g0	 0  1  2  3  4  5  6  7  8  9 10 11 12 13 14 15 16 17 18 19 20 21 22 23
g1	14 18 20 21  0 22 16 17  1 23  2  3  6  7  8  9 10 11  4  5 12 13 15 19
g2	20 16  1 23  2  3  0 22  6  7  8  9  4  5 12 13 14 15 10 11 18 19 21 17
g3	12 10 18 19 20 21 14 15 16 17  1 23  0 22  6  7  8  9  2  3  4  5 13 11
g4	18 14 16 17  1 23 20 21  0 22  6  7  2  3  4  5 12 13  8  9 10 11 19 15
g5	 4  8 10 11 18 19 12 13 14 15 16 17 20 21  0 22  6  7  1 23  2  3  5  9
g6	10 12 14 15 16 17 18 19 20 21  0 22  1 23  2  3  4  5  6  7  8  9 11 13
g7	 2  6  8  9 10 11  4  5 12 13 14 15 18 19 20 21  0 22 16 17  1 23  3  7
g8	 8  4 12 13 14 15 10 11 18 19 20 21 16 17  1 23  2  3  0 22  6  7  9  5
g9	 1  0  6  7  8  9  2  3  4  5 12 13 10 11 18 19 20 21 14 15 16 17 23 22
g10	 6  2  4  5 12 13  8  9 10 11 18 19 14 15 16 17  1 23 20 21  0 22  7  3
g11	16 20  0 22  6  7  1 23  2  3  4  5  8  9 10 11 18 19 12 13 14 15 17 21